nz: 0.400 85.900 -47.600 
ar: 83.900 -16.600 -56.700 
al: -83.800 -18.600 -57.200 
cz: -0.461 -8.416 101.365 
iz: 0.200 -120.500 -25.800 
s1: 0.181 89.249 -7.826 
s2: -54.498 68.788 -18.293 
s3: -35.609 78.819 16.092 
s4: 35.272 78.970 16.408 
s5: 54.021 69.084 -17.587 
s6: -0.235 62.434 65.513 
s7: -51.830 55.753 37.164 
s8: 51.167 56.349 37.498 
s9: -77.435 19.001 18.879 
s10: -35.971 27.644 77.821 
s11: 35.174 28.261 77.967 
s12: 76.997 20.379 19.465 
s13: -70.634 -11.463 63.077 
s14: 69.701 -9.782 63.617 
s15: -84.830 -16.239 -16.314 
s16: 84.621 -14.204 -15.575 
d1: -29.230 85.182 -14.189 
d2: 29.184 85.158 -13.797 
d3: -0.040 83.390 31.683 
d4: -64.987 49.590 10.244 
d5: -29.480 60.438 57.351 
d6: 28.847 60.759 57.469 
d7: 64.380 50.370 10.803 
d8: -63.100 23.879 52.682 
d9: -0.371 29.335 87.712 
d10: 62.315 24.986 53.080 
d11: -84.098 -13.846 24.756 
d12: 83.687 -11.831 25.487 
d13: -79.225 13.769 -18.190 
d14: -84.057 -46.448 -12.942 
d15: 78.937 15.204 -17.416 
d16: 84.505 -45.070 -12.301 
